0	0
0	0
0	0
0	7
0	0
0	0
0	0
0	0
0	0
0	0
0	0
0	0
0	0
0	0
0	0
0	0
0	0
0	0
0	0
0	0
0	0
0	0
0	0
0	0
0	0
0	0
0	0
0	0
0	0
0	0
0	0
0	0
0	0
0	0
0	0
0	0
0	0
0	0
0	0
0	0
0	0
0	0
0	0
0	0
0	0
0	0
0	0
0	0
0	0
0	0
0	0
0	0
0	0
0	0
0	0
0	0
0	0
0	0
0	0
0	0
0	0
0	0
0	0
0	0
0	0
0	0
0	0
0	0
0	0
0	0
0	0
0	0
0	0
0	0
0	0
0	0
0	0
0	0
0	0
0	0
0	0
0	0
0	0
0	0
0	0
0	0
0	0
0	0
0	0
0	0
0	0
0	0
0	0
0	0
0	0
0	7
0	0
0	0
0	7
0	0
0	0
0	0
0	0
0	0
0	0
0	0
0	0
0	0
0	0
0	0
0	0
0	0
0	0
0	0
0	0
0	0
0	0
0	0
0	0
0	0
0	0
0	0
0	0
0	0
0	0
0	0
0	0
0	0
0	0
0	0
0	0
0	0
0	0
0	0
0	0
0	0
0	0
0	0
0	0
0	0
0	0
0	0
0	0
1	1
1	0
1	1
1	1
1	1
1	1
1	1
1	1
1	4
1	1
1	1
1	1
1	1
1	1
1	4
1	1
1	1
1	1
1	1
1	4
1	1
1	1
1	1
1	1
1	1
1	1
1	1
1	1
1	1
1	1
1	1
1	1
1	1
1	1
1	1
1	4
1	0
1	1
1	1
1	1
1	0
1	1
1	1
1	4
1	1
1	0
1	1
1	1
1	1
1	1
1	1
1	1
1	1
1	1
1	1
1	1
1	1
1	1
1	1
1	1
1	1
1	1
1	1
1	1
1	1
1	1
1	4
1	4
1	1
1	1
1	1
1	1
1	1
1	1
1	0
1	1
1	1
2	7
2	4
3	6
3	1
4	4
4	4
4	4
4	4
4	4
4	4
4	1
4	1
4	4
4	1
4	1
4	4
4	4
4	4
4	4
4	1
4	1
4	1
4	4
4	4
4	4
4	1
4	4
4	1
4	4
4	4
4	4
4	1
4	4
4	4
4	1
4	4
4	4
4	0
4	4
5	5
5	5
5	5
5	7
5	5
5	7
5	5
5	5
5	5
5	5
5	5
5	5
5	5
5	5
5	7
5	1
5	5
5	5
5	5
5	5
6	6
6	6
6	6
6	6
6	6
7	7
7	0
7	7
7	7
7	7
7	7
7	7
7	7
7	7
7	7
7	7
7	7
7	7
7	7
7	7
7	7
7	0
7	0
7	0
7	7
7	7
7	7
7	7
7	7
7	7
7	7
7	4
7	7
7	7
7	7
7	1
7	7
7	7
7	7
7	7
7	7
7	7
7	7
7	7
7	7
7	7
7	0
7	7
7	7
7	7
7	7
7	0
7	4
7	7
7	7
7	7
7	7
